12722 1914 4 9118
12859 1719 5 9709
11690 1023 5 8696
12870 418 5 8892
12449 282 5 8108
11646 371 5 8354
11918 1352 3 9326
12320 443 3 8661
12937 739 6 9797
12948 1166 3 8236
11736 708 3 9977
12956 312 5 9080
12936 1420 6 9414
12228 1180 5 9999
12701 1481 3 8575
11712 1602 4 8829
12133 28 4 8930
12874 1108 6 9528
12689 1537 3 9637
12940 556 6 8200
12484 1978 5 8356
11553 1950 4 8719
12774 1754 3 8113
12901 106 4 9044
12518 57 4 8672
12637 1362 3 8351
12615 1664 5 8418
12088 1002 3 9811
12483 1057 4 9351
11756 1919 5 8937
12559 1541 4 9825
11547 1611 4 8208
11915 176 5 9491
11569 1931 4 9473
11645 1627 6 9124
12736 1732 6 8368
12542 335 5 9195
11975 1241 4 8600
12926 1429 5 8268
11551 270 3 8425
12158 172 6 9790
12072 997 6 8142
12649 1461 6 8485
12693 1718 4 8107
11780 78 5 8883
12235 1036 3 8026
12168 1554 4 9795
12470 123 4 8393
12564 1516 3 8186
12632 1869 3 8615
11914 352 4 8912
12520 66 3 8203
12483 703 5 9991
11744 334 4 8664
11678 681 5 8594
12248 196 5 8124
12940 648 5 8596
12010 166 3 8092
12378 1762 3 9011
11835 708 4 9523
12627 903 5 9262
11882 40 5 8179
12259 923 4 8161
12549 1900 6 9555
12837 360 5 9811
12939 28 6 9068
12321 1855 5 8218
11708 846 4 9652
11724 85 3 8676
11886 1732 5 8588
12761 1138 6 9493
11881 903 4 8020
12722 1520 3 8096
11865 1879 4 9336
12894 494 3 9207
12025 207 4 9052
11795 410 4 9460
11876 1847 5 9415
12424 1086 4 9563
12210 536 6 8576
12027 581 5 9385
12747 41 6 9113
12378 1727 5 8793
12325 46 6 8123
12876 1965 3 9561
11929 1817 5 8675
12636 1911 4 9216
12631 1915 5 9483
12071 1910 5 8209
12352 1017 3 8255
11613 1811 4 9099
11580 798 3 8970
12296 617 5 9781
12669 1967 6 9598
12901 584 4 9469
11694 710 6 8102
12353 1000 5 8145
12204 312 3 8177
11517 1433 5 9597
12006 1725 4 9886
11743 519 6 9368
12692 104 3 8264
11967 1796 4 9446
12293 473 4 8220
11748 196 4 8235
12403 706 6 9282
11894 615 4 8657
12481 1704 6 9308
12534 549 4 9499
12622 122 3 9166
12176 474 3 9480
11625 491 5 8469
11843 490 4 9470
12870 1802 3 9942
11728 591 4 9734
12739 863 5 8172
12308 1374 3 8733
12995 1527 5 8738
11617 1000 3 9370
12164 594 6 9196
11660 157 4 9579
12943 1446 6 8735
11506 246 3 8412
12663 1270 4 8173
12726 1941 3 9544
12803 482 5 8411
11626 167 5 8776
12100 476 5 9104
11890 796 4 8458
12700 1599 5 9284
12147 26 5 8969
12866 1681 5 8303
11772 235 5 9564
11895 1280 6 8201
11718 1664 3 8588
11704 1564 5 8474
12804 1623 3 9062
12370 771 3 8183
12325 1979 5 8811
11717 1894 4 8209
12780 736 4 8224
12433 1979 5 9569
12026 81 6 8583
12270 898 4 9207
12103 1168 5 9929
11614 1578 4 8865
11860 1206 6 9390
11685 1265 6 9516
11776 550 4 8865
11860 170 5 9311
12126 1547 5 8219
11574 872 5 9868
12854 1818 6 8375
12918 946 4 8532
12236 1975 4 9596
12234 1281 3 8975
12006 916 6 9538
12850 1922 5 8792
12054 1974 4 8546
11666 235 5 8074
12671 1809 5 9347
12084 1959 5 8859
11862 844 5 8903
12106 1915 5 9220
11644 168 5 8118
11698 80 6 8631
12914 1955 3 9546
12935 886 3 9393
12363 1970 3 8250
11589 1685 3 8260
11852 16 4 8184
12030 1334 4 8015
12732 156 4 8846
11523 1961 6 9311
11564 93 5 9446
11753 1001 6 9062
12474 1667 6 8217
12598 950 6 9264
12472 61 3 8253
12176 60 3 8268
12321 219 5 8197
11944 1394 3 8284
12617 485 5 8336
11783 1906 5 8392
12530 76 6 8635
11775 655 4 8633
12053 1724 4 8435
12439 1834 5 8502
12671 1378 5 9786
11621 224 5 9407
12895 1768 4 9112
12664 1983 3 8369
12230 1298 5 8424
12154 873 4 8154
12170 73 3 9828
11959 1499 6 9414
12263 1982 3 9116
12266 1906 4 8627
12727 785 5 8332
12693 959 4 9245
12467 1699 5 9976
12068 226 4 8341
12718 137 5 8515
12299 1934 5 8793
12026 1772 4 8148
12909 1577 3 9368
12814 1982 4 8805
12325 944 4 9966
12434 1466 4 8804
12381 1765 3 9241
11811 27 6 8308
11952 193 4 8763
12206 923 6 8322
11845 419 4 9516
12767 1713 6 9743
11792 1607 4 8701
11839 897 6 9371
11756 1289 6 8588
11841 523 4 9061
12153 1595 3 9665
11966 853 6 9195
12885 1612 6 8670
12145 777 4 8598
11777 67 5 8905
12858 1936 4 8845
12970 100 6 8719
12158 915 6 9117
11666 1849 3 9485
11887 360 6 8849
12113 649 6 8859
12392 1874 5 8249
11893 580 6 8048
12404 116 5 8580
12567 1362 3 8635
11832 671 3 9308
11676 844 4 9914
11945 560 5 9872
11978 272 6 8916
12136 1213 6 8481
12262 1518 4 9528
11628 1714 5 9519
11893 1786 3 9482
12702 837 3 9488
11543 1843 3 8211
12894 61 5 9363
12596 419 4 8926
12233 920 3 8424
12368 1327 4 8197
11856 260 3 9647
12188 140 3 8350
12945 252 6 8327
12320 180 5 9332
12282 1925 6 9789
11847 1222 5 9033
12233 1452 5 9406
12436 1907 6 8307
12519 633 6 9907
12093 221 6 9082
12051 1517 3 9360
12982 26 6 8073
11556 1347 5 9619
12828 1628 6 9497
12870 495 5 8240
12695 466 4 9050
11648 140 6 8651
11893 729 3 9093
12003 1182 4 8798
12520 117 6 8830
11704 1981 5 8361
12582 1438 6 8511
11660 600 5 8041
12481 19 5 9848
12241 1981 3 9308
12669 536 5 9866
12573 1702 3 8327
12856 1092 5 9843
12837 1004 5 9590
12001 1799 5 9155
12548 241 6 8880
11796 1649 6 8515
11545 1974 6 9504
12616 437 5 8457
12250 104 6 8128
12220 175 5 9535
12857 641 3 9343
12415 627 3 9431
12427 1524 6 9284
12790 199 4 8838
12709 904 6 8781
12365 1800 3 9633
11774 1852 5 8635
11860 293 5 9629
12830 126 3 9578
11543 969 5 9705
12235 1341 4 9011
11752 14 3 9271
12968 1521 4 9902
12569 536 3 8888
12251 1794 3 8120
12207 1778 3 9734
11589 412 3 9263
12523 152 3 8710
11563 18 3 9995
11607 1220 5 8448
12282 536 4 9305
11645 1838 5 9210
12728 1032 5 8774
12727 1371 4 8284
12584 163 5 8050
11724 123 4 8842
12490 618 3 8368
12278 1394 4 9452
12960 453 6 8741
12474 798 6 9683
12701 1137 4 9469
12181 19 3 9142
12149 1191 5 8353
12738 902 5 9915
11625 1817 4 8530
11699 1874 3 9850
11760 1428 6 8447
12086 1935 3 8747
12747 1980 3 8175
12705 934 3 9280
11590 1870 3 8361
12099 1786 5 8090
12290 1615 5 9447
12125 947 3 8695
12485 633 6 9321
12442 635 5 8768
11938 18 5 9255
12147 817 3 8043
11523 378 6 9822
12977 409 6 9601
11750 15 6 9492
11659 1621 6 9627
12058 19 6 8766
11797 1934 5 9235
12235 1479 3 9151
12009 16 4 9060
12928 1982 3 8550
12881 821 3 8497
11579 928 6 8903
12607 15 4 8455
11903 525 4 9609
12134 592 4 9973
12322 868 4 8060
12915 168 5 9071
12127 859 3 8174
12975 312 6 9604
